Wall
64 32 1410 407
32 320 1471 152
448 32 896 216
32 160 993 248
320 32 1025 408
64 32 704 408
64 32 1409 279
32 128 962 280
160 32 672 216
128 32 512 344
128 32 512 376
96 32 865 408
128 32 0 280
64 32 256 408
32 128 320 280
160 32 736 344
Candle
800 1128 146
800 1256 146
800 1221 286
CheckStair
804 96 188 1 3
803 219 376 1 0
804 608 250 2 3
803 664 376 2 0
804 704 316 3 2
803 1287 376 4 1
804 1312 124 5 3
803 1370 248 5 0
804 1411 187 4 2
804 1413 313 5 2
804 265 313 10 2
Skeleton
818 819 1173 330 0
818 819 1173 150 0