15 100 4001 700010 700011 700012 700013 700014 700015 700016 700017 700018 700019 700020 700021 700022 700023 700024
1 100 400 10001
1 100 401 10011
4 180 500 10002 10003 11002 11003
4 180 501 10012 10013 11012 11013
3 150 402 10004 10005 10006
3 150 403 10014 10015 10016
1 100 404 10018
1 100 405 10019
1 100 406 10020
1 100 407 10021
3 150 408 10022 10023 10024
3 150 409 10025 10026 10027
3 150 410 10028 10029 10030
3 150 411 10031 10032 10033
3 150 412 10034 10035 10036
3 150 413 10037 10038 10039
3 150 414 10040 10041 10042
3 150 415 10043 10044 10045
2 100 416 10046 10047
2 100 417 10048 10049
2 100 418 10050 10051
2 100 419 10052 10053
1 100 420 10047
1 100 421 10049
1 100 422 10051
1 100 423 10053
1 100 424 10054
1 100 425 10055
3 150 426 10056 10057 10058
3 150 427 10059 10060 10061
3 150 428 10062 10063 10064
3 150 429 10065 10066 10067
1 150 4430 10069
4 150 430 10068 10069 10070 10071
1 150 4431 50072
1 150 431 10072
2 100 4310 10073 10074
1 150 4432 10077
3 150 432 10075 10076 10077
1 150 4433 10079
1 150 4330 10078
1 150 4331 10079
1 150 4434 10090
1 150 4444 90010
1 150 4435 10080
1 100 599 10099
1 100 601 20001
2 100 602 30001 30002
2 100 604 30003 30004
1 100 603 20002
1 100 605 30011
3 100 606 30012 30013 30014
3 100 607 30015 30016 30017
1 100 608 30014
4 100 60800 30019 30020 30021 30020
1 100 609 30022
2 100 610 30023 30024
1 100 611 30030
2 100 612 30026 30027
1 100 613 30025
2 100 614 30029 30030
1 100 615 30028
2 100 700 40011 40012
2 100 800 40013 40014
1 0 801 40015
1 0 802 40016
1 0 803 40017
1 0 804 40018
1 0 805 40019
1 150 806 40020
3 50 807 40021 41021 42021
1 0 808 40022
1 0 810 40024
3 50 811 40025 40026 40027
1 0 812 40028
2 100 813 40029 40030
2 500 814 40031 40032
1 1000 815 40032
2 500 816 40032 40031
1 0 817 40033
2 400 818 40034 40035
2 400 819 40042 40043
2 100 820 40036 40037
2 100 821 40044 40045
2 250 822 40038 40039
2 250 823 40046 40047
1 100 824 40041
1 100 8240 40040
1 100 825 40049
1 100 8250 40048
1 100 826 40054
1 100 8270 40050
1 100 827 40051
1 100 828 40053
1 100 8290 40059
1 100 829 40060
1 100 830 40062
1 100 831 40055
1 100 832 40056
1 100 833 40057
1 100 834 40058
1 100 835 40064
1 100 836 40065
1 100 837 40066
1 100 838 40067
1 100 839 40068
1 100 4000 40000

