10001 436 0 484 64		
10002 260 0 308 64		
10003 314 0 362 64
11002 378 0 426 64
11003 436 0 484 64
10004 120 0 168 64				
10005 60 0 108 64
10006 0 0 64 64
10028 0 67 49 130				
10029 420 134 469 197
10030 360 134 421 197
10034 120 134 168 197					
10035 60 134 109 197
10036 0 134 59 197
10040 302 134 350 197					
10041 242 134 290 197
10042 182 134 239 197
10046 133 67 165 130 
10047 196 67 228 130
10052 133 67 165 130 
10053 318 67 350 130
10018 196 0 230 64 
10020 196 0 230 64 
10054 436 67 471 130
10099 180 237 240 264