10011 12 0 44 64		
10012 196 0 244 64		
10013 136 0 184 64
11012 78 0 126 64
11013 12 0 60 64
10014 301 0 360 64				
10015 361 0 404 64
10016 421 0 464 64
10031 420 67 477 130					
10032 0 134 44 197
10033 60 134 104 197
10037 120 134 177 197				
10038 180 134 225 197
10039 240 134 282 197
10043 300 134 361 197				
10044 360 134 405 197
10045 420 134 464 197
10048 190 67 224 130 
10049 129 67 163 130
10050 190 67 224 130 
10051 252 67 286 130
10019 252 0 284 64 
10021 256 0 286 64
10055 12 70 41 130

	 