32
11
0 1 2 3 4 5 0 1 5 5 5 5 0 1 5 5 0 1 5 5 6 7 2 3 4 5 5 5 6 7 8 9
6 7 2 2 3 4 6 10 5 5 5 5 6 10 5 5 6 7 5 5 6 7 2 2 3 4 5 5 6 7 8 9
6 7 2 2 2 3 11 10 5 5 5 5 11 10 5 5 6 7 5 5 6 7 2 2 2 3 4 5 6 7 8 9
6 10 2 2 2 2 12 12 5 5 5 5 6 10 5 5 6 7 5 5 6 7 2 2 2 2 3 4 6 7 8 9
11 10 2 2 2 2 0 1 5 5 5 5 11 10 5 5 6 7 5 5 6 7 2 2 2 2 2 3 6 7 8 9
12 12 12 12 12 12 12 12 12 12 12 12 12 12 5 5 12 12 5 5 12 12 12 12 12 12 12 12 12 12 8 9
0 1 13 14 13 14 0 1 15 16 13 14 0 1 5 5 0 1 5 5 0 1 13 14 13 14 13 14 0 1 8 9
6 10 5 5 5 5 6 10 17 18 19 19 6 7 5 20 6 7 5 20 6 7 19 19 5 20 5 5 6 7 12 12
11 10 5 5 5 5 11 10 5 5 19 19 6 7 21 22 6 7 21 22 6 7 19 19 21 22 5 5 6 7 13 14
23 24 23 24 23 24 23 24 23 24 23 24 23 24 23 24 23 24 23 24 23 24 23 24 23 24 23 24 12 12 23 24
25 26 25 26 25 26 25 26 25 26 25 26 25 26 25 26 25 26 25 26 25 26 25 26 25 26 25 26 0 1 25 26