176
11
0 1 2 3 4 5 0 1 0 1 2 3 4 5 0 1 0 1 2 3 6 7 0 1 0 1 2 3 4 5 0 1 8 9 2 3 4 5 8 9 0 1 0 1 0 1 0 1 2 3 4 5 10 10 2 3 11 12 0 1 0 1 8 9 2 3 8 9 2 3 8 9 2 3 8 9 2 3 0 1 8 9 0 1 11 12 11 12 0 1 10 10 2 3 13 14 15 16 16 16 16 16 2 3 16 16 16 16 16 16 16 16 17 18 16 16 17 18 16 16 16 16 16 16 16 16 19 19 0 1 0 1 2 3 11 12 0 1 2 3 8 9 0 1 2 3 4 5 20 21 22 23 0 1 24 25 2 3 22 23 0 1 24 25 2 3 22 23 0 1 6 7 8 9 13 14
26 27 2 3 28 29 30 31 32 33 2 3 28 29 30 31 32 33 2 3 6 34 30 31 32 33 2 3 28 29 30 31 26 27 2 3 28 29 10 10 32 33 32 33 32 33 32 33 2 3 35 36 10 10 2 3 32 33 32 33 32 33 26 27 2 3 10 10 2 3 10 10 2 3 10 10 2 3 32 33 10 10 32 33 32 33 32 33 32 33 10 10 2 3 16 37 38 16 16 39 16 16 2 18 16 16 40 16 40 16 40 16 2 18 16 39 2 3 16 16 16 16 40 16 40 16 16 37 32 33 26 27 2 3 32 33 32 33 2 3 10 10 32 33 2 3 28 29 26 27 32 33 41 42 43 44 2 3 45 46 41 42 43 44 2 3 45 46 41 42 6 34 10 10 47 14
11 12 2 3 48 49 8 9 0 1 2 3 48 49 8 9 0 1 2 3 4 5 8 9 0 1 2 3 48 49 8 9 11 12 2 3 48 49 10 10 0 1 0 1 0 1 0 1 2 3 50 51 10 10 2 3 0 1 0 1 0 1 11 12 2 3 10 10 2 3 10 10 2 3 10 10 2 3 0 1 10 10 0 1 0 1 0 1 0 1 10 10 2 3 16 52 38 16 53 54 16 16 17 18 16 16 16 16 16 16 16 16 17 18 53 54 2 3 16 16 16 16 16 16 16 16 16 52 0 1 11 12 2 3 0 1 0 1 2 3 10 10 0 1 2 3 48 49 11 12 0 1 2 3 24 25 2 3 22 23 2 3 24 25 2 3 22 23 2 3 4 5 10 10 13 14
32 33 2 3 35 36 10 10 32 33 2 3 28 29 10 10 32 33 2 3 28 29 10 10 32 33 2 3 28 29 10 10 32 33 2 3 28 29 10 10 32 33 32 33 55 56 57 58 59 60 61 62 63 63 63 63 64 65 66 67 32 33 32 33 2 3 10 10 2 3 10 10 2 3 10 10 2 3 30 31 10 10 32 33 55 56 57 58 63 63 61 62 59 60 16 68 38 16 16 16 16 16 59 60 16 16 16 16 69 70 69 70 2 3 69 70 2 3 16 16 16 39 16 16 16 16 16 68 61 62 63 63 63 63 64 65 66 67 2 3 10 10 32 33 2 3 35 36 32 33 32 33 2 3 32 33 2 3 32 33 2 3 32 33 2 3 30 31 2 3 35 36 10 10 16 37
0 1 2 3 50 51 10 10 0 1 2 3 48 49 10 10 0 1 2 3 48 49 10 10 0 1 2 3 48 49 10 10 0 1 2 3 48 49 10 10 0 1 0 1 71 57 72 19 19 19 19 19 19 19 19 19 19 73 74 75 0 1 0 1 2 3 10 10 2 3 10 10 2 3 10 10 2 3 8 9 10 10 0 1 71 57 72 19 19 19 19 19 19 19 19 19 19 19 19 19 19 19 19 19 16 16 16 16 38 76 38 76 2 3 38 76 2 3 16 16 53 54 19 19 19 19 19 19 19 19 19 19 19 19 19 73 74 75 2 3 10 10 0 1 2 3 50 51 0 1 0 1 2 3 0 1 2 3 0 1 2 3 0 1 2 3 8 9 2 3 50 51 10 10 16 52
32 33 2 3 32 33 10 10 32 33 2 3 35 36 10 10 30 31 2 3 28 29 10 10 32 33 2 3 35 36 10 10 32 33 2 3 28 29 10 10 55 56 57 58 77 72 78 79 2 3 32 33 26 27 2 3 80 81 73 82 61 62 63 63 2 3 10 10 2 3 10 10 2 3 10 10 2 3 26 27 10 10 55 56 83 72 78 79 32 33 32 33 41 42 47 14 15 16 69 70 69 70 2 3 16 16 63 84 16 16 69 70 85 86 85 86 19 19 16 16 63 84 16 16 16 39 87 88 6 34 32 33 41 42 80 81 73 82 63 63 61 62 63 63 63 63 64 65 66 67 32 33 2 3 32 33 2 3 32 33 2 3 32 33 2 3 26 27 2 3 55 56 57 58 16 68
0 1 2 3 0 1 10 10 0 1 2 3 50 51 10 10 8 9 2 3 48 49 10 10 0 1 2 3 50 51 10 10 0 1 2 3 48 49 10 10 71 57 72 19 19 19 89 90 2 3 0 1 11 12 2 3 20 21 19 19 19 19 19 19 2 3 10 10 2 3 10 10 2 3 10 10 2 3 11 12 10 10 71 57 72 91 89 90 0 1 0 1 2 3 13 14 15 16 38 76 38 76 2 3 19 19 19 92 93 94 38 76 86 86 86 86 41 42 19 19 19 92 93 94 53 54 87 88 4 5 0 1 2 3 20 21 19 19 19 19 19 19 19 19 19 19 19 73 74 75 0 1 2 3 0 1 2 3 0 1 2 3 0 1 2 3 11 12 2 3 71 57 72 19 19 19
32 33 2 3 32 33 10 10 30 31 2 3 32 33 10 10 26 27 2 3 35 36 10 10 32 33 2 3 32 33 10 10 26 27 2 3 35 36 55 56 83 72 78 79 30 31 32 33 2 3 32 33 32 33 2 3 32 33 2 3 30 31 30 31 2 3 10 10 2 3 10 10 2 3 10 10 2 3 30 31 55 56 83 72 78 79 30 31 32 33 32 33 2 3 47 14 15 16 16 16 16 16 2 18 69 70 2 3 73 84 16 16 85 86 85 86 2 18 69 70 2 3 73 84 16 16 87 88 35 36 32 33 2 3 32 33 30 31 2 3 26 27 2 3 26 27 80 81 73 74 66 67 2 3 32 33 2 3 32 33 2 3 32 33 2 3 32 33 2 3 77 72 78 79 47 14
0 1 2 3 0 1 10 10 8 9 2 3 0 1 10 10 11 12 2 3 50 51 10 10 0 1 2 3 0 1 10 10 11 12 2 3 50 51 71 57 72 91 89 90 8 9 0 1 2 3 0 1 0 1 2 3 0 1 2 3 8 9 8 9 2 3 10 10 2 3 10 10 2 3 10 10 2 3 8 9 71 57 72 91 89 90 8 9 0 1 0 1 2 3 13 14 15 16 16 16 16 16 17 18 38 76 2 3 95 73 93 94 86 86 86 86 17 18 38 76 2 3 95 73 93 94 87 88 50 51 0 1 2 3 0 1 8 9 2 3 11 12 2 3 11 12 20 21 96 73 74 75 2 3 0 1 2 3 0 1 2 3 0 1 2 3 0 1 2 3 19 19 89 90 13 14
61 62 59 60 61 62 61 62 61 62 59 60 61 62 61 62 61 62 59 60 61 62 61 62 61 62 59 60 61 62 61 62 61 62 59 60 61 62 77 72 61 62 61 62 61 62 61 62 59 60 61 62 61 62 59 60 61 62 59 60 61 62 61 62 59 60 61 62 59 60 61 62 59 60 61 62 59 60 61 62 77 72 61 62 61 62 61 62 61 62 61 62 59 60 97 14 15 16 63 84 16 16 59 60 16 16 59 60 16 98 73 99 85 86 85 86 59 60 63 84 59 60 16 98 73 99 100 88 61 62 61 62 59 60 61 62 61 62 59 60 61 62 59 60 61 62 61 62 61 62 73 82 59 60 61 62 59 60 61 62 59 60 61 62 59 60 61 62 59 60 61 62 61 62 97 14
19 19 19 19 19 19 19 19 19 19 19 19 19 19 19 19 19 19 19 19 19 19 19 19 19 19 19 19 19 19 19 19 19 19 19 19 19 19 19 19 19 19 19 19 19 19 19 19 19 19 19 19 19 19 19 19 19 19 19 19 19 19 19 19 19 19 19 19 19 19 19 19 19 19 19 19 19 19 19 19 19 19 19 19 19 19 19 19 19 19 19 19 19 19 19 19 19 19 19 92 19 19 19 19 19 19 19 19 19 19 19 19 86 86 86 86 19 19 19 92 19 19 19 19 19 19 19 19 19 19 19 19 19 19 19 19 19 19 19 19 19 19 19 19 19 19 19 19 19 19 19 19 19 19 19 19 19 19 19 19 19 19 19 19 19 19 19 19 19 19 19 19 19 19 19 19